SepalLengthCm,SepalWidthCm,PetalLengthCm,index,centroide
4.9,3.1,1.5,34,0
4.6,3.6,1.0,22,0
5.2,4.1,1.5,32,0
4.9,3.1,1.5,37,0
4.8,3.0,1.4,45,0
4.9,3.0,1.4,1,0
5.1,3.8,1.9,44,0
5.4,3.9,1.7,5,0
5.1,3.5,1.4,17,0
5.0,3.4,1.6,26,0
4.9,3.1,1.5,9,0
5.0,3.5,1.6,43,0
4.8,3.4,1.9,24,0
5.0,3.5,1.3,40,0
5.3,3.7,1.5,48,0
4.4,2.9,1.4,8,0
5.0,3.3,1.4,49,0
5.7,3.8,1.7,18,0
4.8,3.1,1.6,30,0
5.1,3.4,1.5,39,0
5.0,3.4,1.5,7,0
5.0,3.2,1.2,35,0
4.4,3.2,1.3,42,0
4.6,3.2,1.4,47,0
5.4,3.4,1.5,31,0
4.5,2.3,1.3,41,0
5.0,3.6,1.4,4,0
4.7,3.2,1.3,2,0
4.6,3.4,1.4,6,0
5.2,3.5,1.5,27,0
4.7,3.2,1.6,29,0
5.1,3.8,1.5,19,0
5.2,3.4,1.4,28,0
5.5,4.2,1.4,33,0
5.1,3.5,1.4,0,0
5.4,3.7,1.5,10,0
4.6,3.1,1.5,3,0
5.7,4.4,1.5,15,0
5.1,3.7,1.5,21,0
5.0,3.0,1.6,25,0
5.1,3.8,1.6,46,0
4.4,3.0,1.3,38,0
4.8,3.0,1.4,12,0
5.4,3.9,1.3,16,0
5.4,3.4,1.7,20,0
5.8,4.0,1.2,14,0
5.1,3.3,1.7,23,0
5.5,3.5,1.3,36,0
4.3,3.0,1.1,13,0
4.8,3.4,1.6,11,0
5.6,2.8,4.9,121,1
6.3,2.5,5.0,146,1
5.2,2.7,3.9,59,1
5.7,2.6,3.5,79,1
6.2,2.9,4.3,97,1
6.0,2.9,4.5,78,1
6.3,3.3,4.7,56,1
6.1,3.0,4.6,91,1
5.5,2.4,3.8,80,1
6.0,3.4,4.5,85,1
6.3,2.7,4.9,123,1
5.9,3.2,4.8,70,1
6.2,2.2,4.5,68,1
5.8,2.8,5.1,114,1
6.1,3.0,4.9,127,1
6.0,3.0,4.8,138,1
5.7,2.8,4.5,55,1
6.0,2.2,5.0,119,1
5.6,2.9,3.6,64,1
5.9,3.0,4.2,61,1
6.4,2.9,4.3,74,1
6.5,2.8,4.6,54,1
4.9,2.4,3.3,57,1
5.5,2.6,4.4,90,1
6.1,2.9,4.7,63,1
6.7,3.1,4.4,65,1
6.1,2.8,4.0,71,1
6.6,3.0,4.4,75,1
5.5,2.4,3.7,81,1
5.9,3.0,5.1,149,1
6.4,3.2,4.5,51,1
5.8,2.7,5.1,101,1
6.1,2.8,4.7,73,1
5.6,3.0,4.1,88,1
5.7,2.8,4.1,99,1
6.2,2.8,4.8,126,1
5.1,2.5,3.0,98,1
5.8,2.7,3.9,82,1
5.6,2.5,3.9,69,1
6.0,2.2,4.0,62,1
5.4,3.0,4.5,84,1
4.9,2.5,4.5,106,1
5.0,2.3,3.3,93,1
5.5,2.5,4.0,89,1
5.7,2.5,5.0,113,1
5.0,2.0,3.5,60,1
6.0,2.7,5.1,83,1
5.5,2.3,4.0,53,1
5.6,2.7,4.2,94,1
5.8,2.6,4.0,92,1
5.7,2.9,4.2,96,1
6.3,2.5,4.9,72,1
6.3,2.3,4.4,87,1
5.8,2.7,4.1,67,1
6.6,2.9,4.6,58,1
5.6,3.0,4.5,66,1
5.8,2.7,5.1,142,1
5.7,3.0,4.2,95,1
6.9,3.1,5.4,139,2
6.7,3.1,5.6,140,2
6.7,3.0,5.0,77,2
6.5,3.2,5.1,110,2
6.7,3.1,4.7,86,2
7.2,3.0,5.8,129,2
7.7,3.0,6.1,135,2
7.4,2.8,6.1,130,2
7.2,3.6,6.1,109,2
6.4,2.8,5.6,132,2
7.1,3.0,5.9,102,2
7.3,2.9,6.3,107,2
6.5,3.0,5.5,116,2
6.4,2.7,5.3,111,2
6.9,3.1,5.1,141,2
6.7,3.3,5.7,144,2
6.2,3.4,5.4,148,2
6.8,3.2,5.9,143,2
6.7,2.5,5.8,108,2
7.7,3.8,6.7,117,2
6.8,2.8,4.8,76,2
7.9,3.8,6.4,131,2
6.5,3.0,5.8,104,2
7.0,3.2,4.7,50,2
6.4,2.8,5.6,128,2
6.9,3.1,4.9,52,2
6.5,3.0,5.2,147,2
7.7,2.6,6.9,118,2
7.2,3.2,6.0,125,2
6.1,2.6,5.6,134,2
7.7,2.8,6.7,122,2
6.3,2.8,5.1,133,2
6.3,3.4,5.6,136,2
7.6,3.0,6.6,105,2
6.4,3.1,5.5,137,2
6.3,3.3,6.0,100,2
6.9,3.2,5.7,120,2
6.3,2.9,5.6,103,2
6.7,3.3,5.7,124,2
6.4,3.2,5.3,115,2
6.8,3.0,5.5,112,2
6.7,3.0,5.2,145,2
